###################### CLASSIFICATION ##########################

SMALL_OLD = [
    0, 41, 22, 26, 22, 14, 11, 8, 7, 1, 2, 4, 1, 5, 2, 5, 1, 6, 2, 3, 2, 
    1, 1, 3, 4, 0, 1, 4, 2, 3, 3, 3, 0, 2, 1, 1, 2, 1, 5, 0, 1, 0, 0, 0, 
    0, 1, 0, 2, 0, 0, 2, 2, 1, 0, 1, 1, 2, 1, 25, 3, 1, 4, 3, 0, 1, 0, 1, 
    0, 6, 13, 0, 1, 0, 1, 0, 2, 0, 0, 0, 0, 2, 1, 0, 8, 2, 1, 1, 13, 5, 0, 
    5, 2, 3, 2, 2, 1, 0, 1, 2, 0, 2, 2, 0, 6, 0, 0, 0, 1, 0, 0, 2, 2, 1, 0, 
    1, 51, 45, 32, 27, 22, 23, 12, 20, 17, 18, 16, 18, 12, 9, 17, 23, 13, 16, 
    10, 15, 12, 13, 9, 11, 6, 7, 9, 5, 10, 13, 9, 7, 7, 9, 11, 15, 5, 5, 5, 3, 
    8, 5, 2, 6, 8, 7, 6, 9, 16, 5, 4, 10, 6, 4, 5, 6, 8, 0, 0, 0, 0, 0, 0, 0, 
    0, 0, 0, 0, 0, 0, 0, 0, 0, 0, 0, 0, 0, 0, 0, 0, 0, 0, 0, 0, 0
]

MEDIUM_OLD = [
    0, 23, 3, 2, 6, 0, 2, 1, 2, 5, 0, 0, 0, 3, 0, 0, 2, 3, 2, 4, 3, 2, 1, 2, 0, 0, 0, 0, 0, 1, 0, 0, 0, 0, 0, 
    1, 1, 0, 0, 0, 0, 0, 0, 2, 0, 1, 1, 0, 0, 0, 1, 1, 1, 0, 0, 0, 0, 0, 12, 0, 0, 0, 0, 1, 0, 0, 0, 0, 2, 2, 0, 
    0, 0, 0, 0, 0, 0, 0, 0, 0, 0, 0, 0, 2, 2, 1, 1, 4, 0, 0, 0, 0, 0, 0, 0, 0, 0, 0, 0, 0, 0, 1, 1, 4, 0, 0, 1, 0, 
    0, 0, 0, 0, 0, 1, 0, 48, 40, 34, 27, 17, 21, 10, 17, 8, 12, 14, 11, 8, 5, 11, 15, 8, 14, 5, 5, 4, 8, 5, 6, 4, 
    7, 9, 1, 7, 6, 5, 8, 2, 1, 7, 8, 4, 3, 4, 3, 3, 5, 2, 3, 1, 15, 3, 4, 3, 3, 2, 6, 0, 2, 2, 1, 1, 0, 0, 0, 0, 0, 
    0, 0, 0, 0, 0, 0, 0, 0, 0, 0, 0, 0, 0, 0, 0, 0, 0, 0, 0, 0, 0, 0, 0
]
LARGE_OLD = [
    0, 11, 4, 4, 2, 0, 3, 1, 2, 0, 0, 0, 0, 1, 0, 0, 0, 1, 2, 0, 0, 
    0, 0, 0, 0, 0, 0, 1, 0, 1, 0, 1, 0, 0, 1, 1, 2, 0, 0, 0, 0, 0, 0, 0, 0, 1, 0, 
    0, 0, 0, 0, 0, 0, 0, 0, 0, 0, 0, 1, 0, 0, 0, 0, 0, 0, 0, 0, 0, 2, 3, 0, 0, 0, 
    0, 0, 0, 0, 0, 0, 0, 1, 0, 0, 0, 0, 0, 0, 4, 0, 0, 0, 0, 0, 0, 0, 0, 0, 0, 0, 
    0, 0, 0, 0, 2, 0, 0, 0, 0, 0, 0, 0, 0, 0, 0, 2, 41, 23, 18, 13, 7, 10, 7, 7, 2, 
    4, 10, 15, 2, 1, 1, 8, 5, 6, 4, 3, 1, 1, 2, 1, 1, 8, 4, 0, 0, 18, 2, 0, 8, 1, 1, 1, 3, 0, 1, 0, 2, 
    0, 1, 1, 0, 12, 1, 1, 1, 2, 0, 2, 0, 1, 0, 0, 5, 0, 0, 0, 0, 0, 0, 0, 0, 0, 0, 0, 0, 0, 0, 0, 0, 0, 0, 0, 0, 0, 0, 0, 0, 0, 0, 0, 0
]


SMALL_NEW = [
    0, 40, 18, 14, 11, 12, 6, 7, 2, 7, 2, 2, 2, 2, 1, 1, 0, 3, 0, 5, 1, 3, 3, 1, 
    1, 1, 0, 4, 1, 0, 5, 3, 1, 0, 1, 1, 1, 0, 5, 0, 0, 0, 1, 1, 2, 0, 0, 0, 0, 0, 
    0, 0, 0, 2, 1, 0, 1, 0, 18, 11, 4, 5, 0, 4, 2, 1, 0, 3, 10, 13, 0, 0, 0, 0, 1, 
    1, 0, 1, 1, 1, 3, 2, 0, 9, 6, 1, 4, 16, 3, 0, 7, 1, 1, 1, 2, 2, 3, 0, 2, 2, 3, 
    2, 0, 6, 0, 0, 0, 2, 1, 0, 0, 1, 1, 1, 4, 47, 41, 29, 24, 25, 16, 17, 19, 15, 
    18, 13, 17, 17, 10, 17, 21, 12, 12, 17, 11, 6, 15, 11, 12, 5, 14, 11, 2, 8, 15, 
    12, 11, 4, 5, 6, 13, 5, 4, 6, 6, 3, 2, 3, 3, 7, 5, 5, 5, 8, 5, 3, 5, 5, 3, 3, 4, 
    6, 0, 0, 0, 0, 0, 0, 0, 0, 0, 0, 0, 0, 0, 0, 0, 0, 0, 0, 0, 0, 0, 0, 0, 0, 0, 0, 0, 0
]


MEDIUM_NEW = [
    0, 16, 3, 7, 6, 6, 2, 7, 2, 6, 0, 1, 1, 3, 2, 0, 3, 8, 0, 5, 1, 3, 0, 
    1, 2, 0, 1, 0, 0, 2, 0, 1, 0, 0, 1, 2, 1, 0, 1, 0, 0, 0, 0, 2, 0, 0, 0, 1, 0, 0, 0, 
    3, 0, 0, 3, 0, 0, 1, 2, 4, 0, 0, 0, 1, 0, 0, 0, 0, 3, 4, 0, 0, 0, 0, 0, 2, 1, 0, 0, 0, 
    0, 0, 0, 6, 1, 0, 1, 12, 0, 0, 2, 0, 0, 1, 1, 0, 0, 0, 0, 1, 1, 0, 0, 3, 0, 0, 0, 0, 0, 
    1, 0, 0, 0, 0, 1, 46, 36, 28, 25, 15, 10, 5, 8, 11, 9, 16, 18, 7, 3, 11, 7, 8, 8, 6, 6, 
    1, 5, 4, 7, 2, 10, 7, 2, 5, 23, 9, 6, 14, 8, 5, 10, 1, 1, 1, 3, 5, 5, 5, 3, 3, 
    20, 3, 2, 5, 3, 2, 3, 2, 1, 2, 1, 1, 0, 0, 0, 0, 0, 0, 0, 0, 0, 0, 0, 0, 0, 0, 0, 0, 0, 0, 0, 0, 0, 0, 0, 0, 0, 0, 0, 0
]


LARGE_NEW = [
    0, 17, 6, 3, 6, 3, 1, 2, 2, 7, 0, 0, 0, 4, 0, 0, 0, 3, 0, 4, 1, 1, 1, 1, 0, 0, 0, 0, 0, 0, 0, 0, 0, 0, 0, 1, 1, 0, 
    1, 0, 1, 0, 0, 1, 0, 0, 0, 0, 0, 0, 0, 1, 0, 0, 0, 0, 0, 0, 2, 0, 0, 0, 0, 0, 0, 0, 0, 0, 0, 2, 0, 0, 0, 0, 0, 0, 0, 0, 0, 0, 0, 
    0, 0, 0, 0, 0, 0, 4, 0, 0, 0, 0, 0, 0, 0, 0, 0, 0, 0, 0, 1, 0, 0, 1, 0, 0, 0, 0, 0, 0, 0, 0, 0, 2, 2, 32, 11, 8, 3, 3, 6, 1, 3, 0, 
    3, 8, 12, 0, 0, 1, 2, 2, 3, 0, 2, 1, 1, 3, 1, 0, 6, 5, 2, 3, 14, 1, 0, 7, 0, 1, 1, 0, 0, 1, 2, 0, 0, 
    3, 1, 1, 9, 0, 0, 0, 4, 0, 1, 0, 3, 2, 0, 2, 0, 0, 0, 0, 0, 0, 0, 0, 0, 0, 0, 0, 0, 0, 0, 0, 0, 0, 0, 0, 0, 0, 0, 0, 0, 0, 0, 0
]

###################### DETECTION ##########################

SMALL LWR:
[[1931.0, 688.0], [58.0, 2561.0]]
Accuracy: 0.8575792287132493

MEDIUM LWR: [[2223.0, 396.0], [78.0, 2541.0]]
Accuracy: 0.9095074455899198

LARGE LWR: [[2431.0, 188.0], [89.0, 2530.0]]
Accuracy: 0.9471172203130966

SMALL LR:
[[3515.0, 1723.0], [105.0, 5133.0]]
Accuracy: 0.8255059182894234

MEDIUM LR:
[[2042.0, 577.0], [66.0, 2553.0]]
0.8772432226040473

LARGE LR:
 [[2336.0, 283.0], [88.0, 2531.0]]
Accuracy: 0.9291714394807178

################# BINARY CLASSIFICATION ########

TMUX on pixel02

top = lwr
bottom = lr

################# FORMULAE #####################

LR PRESSURE:
    (always error <= 1.4278190578260177) and (eventually[0, 48) error <= 0.2178302179100205) and (mean[0, 85) error <= 0.49762623950697543)
LWR PRESSURE:
    (always error <= 1.330572294746124) and (eventually[0, 68) error <= 0.20719696957396888) and (mean[0, 94) error <= 0.4846346919546278)
LR TEMPERATURE:
    (always error <= 13.329753405008859) and (eventually[0, 52) error <= 1.706082932987983) and (mean[0, 93) error <= 3.1790206259434415)
LWR TEMPERATURE:
    (always error <= 7.185644713078681) and (eventually[0, 62) error <= 0.8707009255936893) and (mean[0, 80) error <= 2.7363480481337517)


LWR SMALL
[[4730.0, 508.0], [213.0, 5025.0]]
Accuracy: 0.9311760213822069